$ANSIBLE_VAULT;1.1;AES256
37393564656338373265636633306265616164656464636335346334363933366337303366623162
3933633436333363336363663434653566626634653830660a373164333761333738326137353830
62623132646231653234323033633733666333393635326635313335393561396535333536396336
3231323830343031320a353962363737613838396562383765373662633132303065383962623262
30666533336163663361633037313634643635333436333164396161373036333630646131333632
65313134613930363830616662343164333563343638323265656134386137366362366364323565
35343637323564316535643537386263343264356333333130343166636539666331343938383536
62333834643366616266306564636437656637336165663763386162663636376531383136663739
33633535326536333638336237616166346162633762643632353034326335353463613763323563
34623730326166663865666666653566633739336631613837393239313964396461363964303966
38613632633763333362626435613464353266333439373138383064633138656663336135396637
32323939336238363266633430353931383130396239393663613430613362373361626263346431
61626438346162646666666365333534303164636634313161653034333532343964383466316633
62336231306164666434623364663361316539626238386265653234383738626262366361663665
34323439353433373062646634326363666537326565623437303733656632363861396539613765
36383130343936373961303532326432356536356438623739326337343965656431626562633635
33363566323437303139386665353238653162393836633339616638383661326266303762356638
66373533653465306464323063623134633365623464646434383462356133343535393466363537
62613132373532306539653133386264653230313962356266653061613466643031613838636334
65306264636338613039643230666632333532623637626530653337666338633633373130393335
39626437653162643536363937666662306435313161643038646330666464643335626431633731
38373434343339323030633733356538623332313336306234666135646264616236396230656330
31613537336632326338303637653432376466396233303734323930633561366231643432643765
32616164626133643264
